// Game: Godot
// Format: Standard
// entity 0
{
"classname" "worldspawn"
// brush 0
{
( -112 -64 -16 ) ( -112 -63 -16 ) ( -112 -64 -15 ) __TB_empty 0 0 0 1 1
( -64 -112 -16 ) ( -64 -112 -15 ) ( -63 -112 -16 ) __TB_empty 0 0 0 1 1
( -64 -64 -16 ) ( -63 -64 -16 ) ( -64 -63 -16 ) __TB_empty 0 0 0 1 1
( 64 64 16 ) ( 64 65 16 ) ( 65 64 16 ) __TB_empty 0 0 0 1 1
( 64 112 16 ) ( 65 112 16 ) ( 64 112 17 ) __TB_empty 0 0 0 1 1
( 112 64 16 ) ( 112 64 17 ) ( 112 65 16 ) __TB_empty 0 0 0 1 1
}
// brush 1
{
( -128 -64 -16 ) ( -128 -63 -16 ) ( -128 -64 -15 ) __TB_empty 0 0 0 1 1
( -64 -128 -16 ) ( -64 -128 -15 ) ( -63 -128 -16 ) __TB_empty 0 0 0 1 1
( -64 -64 -16 ) ( -63 -64 -16 ) ( -64 -63 -16 ) __TB_empty 0 0 0 1 1
( 64 64 80 ) ( 64 65 80 ) ( 65 64 80 ) __TB_empty 0 0 0 1 1
( 64 128 16 ) ( 65 128 16 ) ( 64 128 17 ) __TB_empty 0 0 0 1 1
( -112 -64 -16 ) ( -112 -64 -15 ) ( -112 -63 -16 ) __TB_empty 0 0 0 1 1
}
// brush 2
{
( 112 64 16 ) ( 112 65 16 ) ( 112 64 17 ) __TB_empty 0 0 0 1 1
( -64 -128 -16 ) ( -64 -128 -15 ) ( -63 -128 -16 ) __TB_empty 0 0 0 1 1
( -64 -64 -16 ) ( -63 -64 -16 ) ( -64 -63 -16 ) __TB_empty 0 0 0 1 1
( 64 64 80 ) ( 64 65 80 ) ( 65 64 80 ) __TB_empty 0 0 0 1 1
( 64 128 16 ) ( 65 128 16 ) ( 64 128 17 ) __TB_empty 0 0 0 1 1
( 128 64 16 ) ( 128 64 17 ) ( 128 65 16 ) __TB_empty 0 0 0 1 1
}
// brush 3
{
( -112 -64 -16 ) ( -112 -63 -16 ) ( -112 -64 -15 ) __TB_empty 0 0 0 1 1
( 64 112 16 ) ( 64 112 17 ) ( 65 112 16 ) __TB_empty 0 0 0 1 1
( -64 -64 -16 ) ( -63 -64 -16 ) ( -64 -63 -16 ) __TB_empty 0 0 0 1 1
( 64 64 80 ) ( 64 65 80 ) ( 65 64 80 ) __TB_empty 0 0 0 1 1
( 64 128 16 ) ( 65 128 16 ) ( 64 128 17 ) __TB_empty 0 0 0 1 1
( 112 64 16 ) ( 112 64 17 ) ( 112 65 16 ) __TB_empty 0 0 0 1 1
}
// brush 4
{
( -112 -64 -16 ) ( -112 -63 -16 ) ( -112 -64 -15 ) __TB_empty 0 0 0 1 1
( -64 -128 -16 ) ( -64 -128 -15 ) ( -63 -128 -16 ) __TB_empty 0 0 0 1 1
( -64 -64 -16 ) ( -63 -64 -16 ) ( -64 -63 -16 ) __TB_empty 0 0 0 1 1
( 64 64 80 ) ( 64 65 80 ) ( 65 64 80 ) __TB_empty 0 0 0 1 1
( -64 -112 -16 ) ( -63 -112 -16 ) ( -64 -112 -15 ) __TB_empty 0 0 0 1 1
( 112 64 16 ) ( 112 64 17 ) ( 112 65 16 ) __TB_empty 0 0 0 1 1
}
// brush 5
{
( -32 64 -16 ) ( -32 65 -16 ) ( -32 64 -15 ) __TB_empty 0 0 0 1 1
( -48 64 -16 ) ( -48 64 -15 ) ( -47 64 -16 ) __TB_empty 0 0 0 1 1
( -48 64 16 ) ( -47 64 16 ) ( -48 65 16 ) __TB_empty 0 0 0 1 1
( -16 80 32 ) ( -16 81 32 ) ( -15 80 32 ) __TB_empty 0 0 0 1 1
( -16 80 80 ) ( -15 80 80 ) ( -16 80 81 ) __TB_empty 0 0 0 1 1
( -16 80 80 ) ( -16 80 81 ) ( -16 81 80 ) __TB_empty 0 0 0 1 1
}
// brush 6
{
( 64 64 -16 ) ( 64 65 -16 ) ( 64 64 -15 ) __TB_empty 0 0 0 1 1
( 48 64 -16 ) ( 48 64 -15 ) ( 49 64 -16 ) __TB_empty 0 0 0 1 1
( 48 64 16 ) ( 49 64 16 ) ( 48 65 16 ) __TB_empty 0 0 0 1 1
( 80 80 48 ) ( 80 81 48 ) ( 81 80 48 ) __TB_empty 0 0 0 1 1
( 80 80 80 ) ( 81 80 80 ) ( 80 80 81 ) __TB_empty 0 0 0 1 1
( 80 80 80 ) ( 80 80 81 ) ( 80 81 80 ) __TB_empty 0 0 0 1 1
}
}
