// Game: Godot
// Format: Standard
// entity 0
{
"classname" "worldspawn"
// brush 0
{
( -48 -64 -32 ) ( -48 -63 -32 ) ( -48 -64 -31 ) __TB_empty 0 0 0 1 1
( -64 -64 -32 ) ( -64 -64 -31 ) ( -63 -64 -32 ) __TB_empty 0 0 0 1 1
( -64 -64 -32 ) ( -63 -64 -32 ) ( -64 -63 -32 ) __TB_empty 0 0 0 1 1
( 64 64 0 ) ( 64 65 0 ) ( 65 64 0 ) __TB_empty 0 0 0 1 1
( 64 64 0 ) ( 65 64 0 ) ( 64 64 1 ) __TB_empty 0 0 0 1 1
( 64 64 0 ) ( 64 64 1 ) ( 64 65 0 ) __TB_empty 0 0 0 1 1
}
// brush 1
{
( -64 -64 -32 ) ( -64 -63 -32 ) ( -64 -64 -31 ) __TB_empty 0 0 0 1 1
( -64 -64 -32 ) ( -64 -64 -31 ) ( -63 -64 -32 ) __TB_empty 0 0 0 1 1
( -64 -64 -32 ) ( -63 -64 -32 ) ( -64 -63 -32 ) __TB_empty 0 0 0 1 1
( 64 64 0 ) ( 64 65 0 ) ( 65 64 0 ) __TB_empty 0 0 0 1 1
( 64 48 0 ) ( 65 48 0 ) ( 64 48 1 ) __TB_empty 0 0 0 1 1
( -48 -64 -32 ) ( -48 -64 -31 ) ( -48 -63 -32 ) __TB_empty 0 0 0 1 1
}
// brush 2
{
( -64 -64 -32 ) ( -64 -63 -32 ) ( -64 -64 -31 ) __TB_empty 0 0 0 1 1
( 64 48 0 ) ( 64 48 1 ) ( 65 48 0 ) __TB_empty 0 0 0 1 1
( -64 -64 -32 ) ( -63 -64 -32 ) ( -64 -63 -32 ) __TB_empty 0 0 0 1 1
( 64 64 32 ) ( 64 65 32 ) ( 65 64 32 ) __TB_empty 0 0 0 1 1
( 64 64 0 ) ( 65 64 0 ) ( 64 64 1 ) __TB_empty 0 0 0 1 1
( -48 -64 -32 ) ( -48 -64 -31 ) ( -48 -63 -32 ) __TB_empty 0 0 0 1 1
}
// brush 3
{
( -16 -64 -32 ) ( -16 -63 -32 ) ( -16 -64 -31 ) __TB_empty 0 0 0 1 1
( 112 48 0 ) ( 112 48 1 ) ( 113 48 0 ) __TB_empty 0 0 0 1 1
( -16 -64 -32 ) ( -15 -64 -32 ) ( -16 -63 -32 ) __TB_empty 0 0 0 1 1
( 112 64 16 ) ( 112 65 16 ) ( 113 64 16 ) __TB_empty 0 0 0 1 1
( 112 64 0 ) ( 113 64 0 ) ( 112 64 1 ) __TB_empty 0 0 0 1 1
( 0 -64 -32 ) ( 0 -64 -31 ) ( 0 -63 -32 ) __TB_empty 0 0 0 1 1
}
}
